{
 "cells": [
  {
   "cell_type": "code",
   "execution_count": 8,
   "metadata": {},
   "outputs": [
    {
     "data": {
      "text/html": [
       "<div>\n",
       "<style scoped>\n",
       "    .dataframe tbody tr th:only-of-type {\n",
       "        vertical-align: middle;\n",
       "    }\n",
       "\n",
       "    .dataframe tbody tr th {\n",
       "        vertical-align: top;\n",
       "    }\n",
       "\n",
       "    .dataframe thead th {\n",
       "        text-align: right;\n",
       "    }\n",
       "</style>\n",
       "<table border=\"1\" class=\"dataframe\">\n",
       "  <thead>\n",
       "    <tr style=\"text-align: right;\">\n",
       "      <th></th>\n",
       "      <th>Date</th>\n",
       "      <th>Facebook</th>\n",
       "      <th>Instagram</th>\n",
       "      <th>SoundCloud</th>\n",
       "      <th>Spotify</th>\n",
       "      <th>Twitter</th>\n",
       "      <th>YouTube</th>\n",
       "    </tr>\n",
       "  </thead>\n",
       "  <tbody>\n",
       "    <tr>\n",
       "      <th>0</th>\n",
       "      <td>3/1/2020</td>\n",
       "      <td>9620499</td>\n",
       "      <td>21827724</td>\n",
       "      <td>2253030</td>\n",
       "      <td>15418745</td>\n",
       "      <td>23363379</td>\n",
       "      <td>24400000</td>\n",
       "    </tr>\n",
       "    <tr>\n",
       "      <th>1</th>\n",
       "      <td>10/1/2020</td>\n",
       "      <td>9661142</td>\n",
       "      <td>21918352</td>\n",
       "      <td>2262209</td>\n",
       "      <td>15568758</td>\n",
       "      <td>23491571</td>\n",
       "      <td>24600000</td>\n",
       "    </tr>\n",
       "    <tr>\n",
       "      <th>2</th>\n",
       "      <td>17/1/2020</td>\n",
       "      <td>9679511</td>\n",
       "      <td>21986792</td>\n",
       "      <td>2269314</td>\n",
       "      <td>15688508</td>\n",
       "      <td>23595524</td>\n",
       "      <td>24700000</td>\n",
       "    </tr>\n",
       "    <tr>\n",
       "      <th>3</th>\n",
       "      <td>24/1/2020</td>\n",
       "      <td>9698697</td>\n",
       "      <td>22008649</td>\n",
       "      <td>2276485</td>\n",
       "      <td>15875559</td>\n",
       "      <td>23698147</td>\n",
       "      <td>24900000</td>\n",
       "    </tr>\n",
       "    <tr>\n",
       "      <th>4</th>\n",
       "      <td>31/1/2020</td>\n",
       "      <td>9731299</td>\n",
       "      <td>22216408</td>\n",
       "      <td>2285434</td>\n",
       "      <td>16012999</td>\n",
       "      <td>23801737</td>\n",
       "      <td>25000000</td>\n",
       "    </tr>\n",
       "  </tbody>\n",
       "</table>\n",
       "</div>"
      ],
      "text/plain": [
       "        Date  Facebook  Instagram  SoundCloud   Spotify   Twitter   YouTube\n",
       "0   3/1/2020   9620499   21827724     2253030  15418745  23363379  24400000\n",
       "1  10/1/2020   9661142   21918352     2262209  15568758  23491571  24600000\n",
       "2  17/1/2020   9679511   21986792     2269314  15688508  23595524  24700000\n",
       "3  24/1/2020   9698697   22008649     2276485  15875559  23698147  24900000\n",
       "4  31/1/2020   9731299   22216408     2285434  16012999  23801737  25000000"
      ]
     },
     "execution_count": 8,
     "metadata": {},
     "output_type": "execute_result"
    }
   ],
   "source": [
    "# import data from csv file\n",
    "import pandas as pd\n",
    "data = pd.read_csv('bts_army_fanbase_evo.csv')\n",
    "data.head()\n",
    "                   "
   ]
  },
  {
   "cell_type": "code",
   "execution_count": 9,
   "metadata": {},
   "outputs": [
    {
     "data": {
      "text/html": [
       "<div>\n",
       "<style scoped>\n",
       "    .dataframe tbody tr th:only-of-type {\n",
       "        vertical-align: middle;\n",
       "    }\n",
       "\n",
       "    .dataframe tbody tr th {\n",
       "        vertical-align: top;\n",
       "    }\n",
       "\n",
       "    .dataframe thead th {\n",
       "        text-align: right;\n",
       "    }\n",
       "</style>\n",
       "<table border=\"1\" class=\"dataframe\">\n",
       "  <thead>\n",
       "    <tr style=\"text-align: right;\">\n",
       "      <th></th>\n",
       "      <th>Date</th>\n",
       "      <th>platforms</th>\n",
       "      <th>number_of_fans</th>\n",
       "    </tr>\n",
       "  </thead>\n",
       "  <tbody>\n",
       "    <tr>\n",
       "      <th>0</th>\n",
       "      <td>3/1/2020</td>\n",
       "      <td>Facebook</td>\n",
       "      <td>9620499</td>\n",
       "    </tr>\n",
       "    <tr>\n",
       "      <th>1</th>\n",
       "      <td>10/1/2020</td>\n",
       "      <td>Facebook</td>\n",
       "      <td>9661142</td>\n",
       "    </tr>\n",
       "    <tr>\n",
       "      <th>2</th>\n",
       "      <td>17/1/2020</td>\n",
       "      <td>Facebook</td>\n",
       "      <td>9679511</td>\n",
       "    </tr>\n",
       "    <tr>\n",
       "      <th>3</th>\n",
       "      <td>24/1/2020</td>\n",
       "      <td>Facebook</td>\n",
       "      <td>9698697</td>\n",
       "    </tr>\n",
       "    <tr>\n",
       "      <th>4</th>\n",
       "      <td>31/1/2020</td>\n",
       "      <td>Facebook</td>\n",
       "      <td>9731299</td>\n",
       "    </tr>\n",
       "  </tbody>\n",
       "</table>\n",
       "</div>"
      ],
      "text/plain": [
       "        Date platforms  number_of_fans\n",
       "0   3/1/2020  Facebook         9620499\n",
       "1  10/1/2020  Facebook         9661142\n",
       "2  17/1/2020  Facebook         9679511\n",
       "3  24/1/2020  Facebook         9698697\n",
       "4  31/1/2020  Facebook         9731299"
      ]
     },
     "execution_count": 9,
     "metadata": {},
     "output_type": "execute_result"
    }
   ],
   "source": [
    "# convert data from wide to long format\n",
    "data_long = pd.melt(data, id_vars = ['Date'], var_name = 'platforms', value_name = 'number_of_fans')\n",
    "data_long.head()"
   ]
  },
  {
   "cell_type": "code",
   "execution_count": 10,
   "metadata": {},
   "outputs": [
    {
     "data": {
      "text/html": [
       "<div>\n",
       "<style scoped>\n",
       "    .dataframe tbody tr th:only-of-type {\n",
       "        vertical-align: middle;\n",
       "    }\n",
       "\n",
       "    .dataframe tbody tr th {\n",
       "        vertical-align: top;\n",
       "    }\n",
       "\n",
       "    .dataframe thead th {\n",
       "        text-align: right;\n",
       "    }\n",
       "</style>\n",
       "<table border=\"1\" class=\"dataframe\">\n",
       "  <thead>\n",
       "    <tr style=\"text-align: right;\">\n",
       "      <th></th>\n",
       "      <th>Date</th>\n",
       "      <th>Facebook</th>\n",
       "      <th>Instagram</th>\n",
       "      <th>SoundCloud</th>\n",
       "      <th>Spotify</th>\n",
       "      <th>Twitter</th>\n",
       "      <th>YouTube</th>\n",
       "    </tr>\n",
       "  </thead>\n",
       "  <tbody>\n",
       "    <tr>\n",
       "      <th>0</th>\n",
       "      <td>2020-01-03</td>\n",
       "      <td>9620499</td>\n",
       "      <td>21827724</td>\n",
       "      <td>2253030</td>\n",
       "      <td>15418745</td>\n",
       "      <td>23363379</td>\n",
       "      <td>24400000</td>\n",
       "    </tr>\n",
       "    <tr>\n",
       "      <th>1</th>\n",
       "      <td>2020-01-10</td>\n",
       "      <td>9661142</td>\n",
       "      <td>21918352</td>\n",
       "      <td>2262209</td>\n",
       "      <td>15568758</td>\n",
       "      <td>23491571</td>\n",
       "      <td>24600000</td>\n",
       "    </tr>\n",
       "    <tr>\n",
       "      <th>2</th>\n",
       "      <td>2020-01-17</td>\n",
       "      <td>9679511</td>\n",
       "      <td>21986792</td>\n",
       "      <td>2269314</td>\n",
       "      <td>15688508</td>\n",
       "      <td>23595524</td>\n",
       "      <td>24700000</td>\n",
       "    </tr>\n",
       "    <tr>\n",
       "      <th>3</th>\n",
       "      <td>2020-01-24</td>\n",
       "      <td>9698697</td>\n",
       "      <td>22008649</td>\n",
       "      <td>2276485</td>\n",
       "      <td>15875559</td>\n",
       "      <td>23698147</td>\n",
       "      <td>24900000</td>\n",
       "    </tr>\n",
       "    <tr>\n",
       "      <th>4</th>\n",
       "      <td>2020-01-31</td>\n",
       "      <td>9731299</td>\n",
       "      <td>22216408</td>\n",
       "      <td>2285434</td>\n",
       "      <td>16012999</td>\n",
       "      <td>23801737</td>\n",
       "      <td>25000000</td>\n",
       "    </tr>\n",
       "  </tbody>\n",
       "</table>\n",
       "</div>"
      ],
      "text/plain": [
       "        Date  Facebook  Instagram  SoundCloud   Spotify   Twitter   YouTube\n",
       "0 2020-01-03   9620499   21827724     2253030  15418745  23363379  24400000\n",
       "1 2020-01-10   9661142   21918352     2262209  15568758  23491571  24600000\n",
       "2 2020-01-17   9679511   21986792     2269314  15688508  23595524  24700000\n",
       "3 2020-01-24   9698697   22008649     2276485  15875559  23698147  24900000\n",
       "4 2020-01-31   9731299   22216408     2285434  16012999  23801737  25000000"
      ]
     },
     "execution_count": 10,
     "metadata": {},
     "output_type": "execute_result"
    }
   ],
   "source": [
    "# Convert the 'Week' column to a proper datetime format\n",
    "data['Date'] = pd.to_datetime(data['Date'], format='%d/%m/%Y')\n",
    "\n",
    "# Check the updated data\n",
    "data.head()"
   ]
  },
  {
   "cell_type": "code",
   "execution_count": 12,
   "metadata": {},
   "outputs": [],
   "source": [
    "# export data to new csv file\n",
    "data_long.to_csv('bts_army_fanbase_evo_long.csv', index = False)"
   ]
  }
 ],
 "metadata": {
  "kernelspec": {
   "display_name": "Python 3",
   "language": "python",
   "name": "python3"
  },
  "language_info": {
   "codemirror_mode": {
    "name": "ipython",
    "version": 3
   },
   "file_extension": ".py",
   "mimetype": "text/x-python",
   "name": "python",
   "nbconvert_exporter": "python",
   "pygments_lexer": "ipython3",
   "version": "3.10.5"
  }
 },
 "nbformat": 4,
 "nbformat_minor": 2
}
